110101190001010006
110101190001010014
110101190001010022
110101190001010030
110101190001010049
110101190001010057
110101190001010065
110101190001010073
110101190001010081
110101190001010102
110101190001010110
110101190001010129
110101190001010137
110101190001010145
110101190001010153
110101190001010161
110101190001010188
110101190001010196
110101190001010209
110101190001010217
110101190001010225
110101190001010233
110101190001010241
110101190001010268
110101190001010276
110101190001010284
110101190001010292
110101190001010305
110101190001010313
110101190001010321
110101190001010348
110101190001010356
110101190001010364
110101190001010372
110101190001010380
110101190001010399
110101190001010401
110101190001010428
110101190001010436
110101190001010444
110101190001010452
110101190001010460
110101190001010479
110101190001010487
110101190001010495
110101190001010508
110101190001010516
110101190001010524
110101190001010532
110101190001010540
110101190001010559
110101190001010567
110101190001010575
110101190001010583
110101190001010591
110101190001010604
110101190001010612
110101190001010620
110101190001010639
110101190001010647
110101190001010655
110101190001010663
110101190001010671
110101190001010698
110101190001010700
110101190001010719
110101190001010727
110101190001010735
110101190001010743
110101190001010751
110101190001010778
110101190001010786
110101190001010794
110101190001010807
110101190001010815
110101190001010823
110101190001010831
110101190001010858
110101190001010866
110101190001010874
110101190001010882
110101190001010890
110101190001010903
110101190001010911
110101190001010938
110101190001010946
110101190001010954
110101190001010962
110101190001010970
110101190001010989
110101190001010997
110101190001011009
110101190001011017
110101190001011025
110101190001011033
110101190001011041
110101190001011068
110101190001011076
110101190001011084
110101190001011092
110101190001011105
110101190001011113
110101190001011121
110101190001011148
110101190001011156
110101190001011164
110101190001011172
110101190001011180
110101190001011199
110101190001011201
110101190001011228
110101190001011236
110101190001011244
110101190001011252
110101190001011260
110101190001011279
110101190001011287
110101190001011295
110101190001011308
110101190001011316
110101190001011324
110101190001011332
110101190001011340
110101190001011359
110101190001011367
110101190001011375
110101190001011383
110101190001011391
110101190001011404
110101190001011412
110101190001011420
110101190001011439
110101190001011447
110101190001011455
110101190001011463
110101190001011471
110101190001011498
110101190001011500
110101190001011519
110101190001011527
110101190001011535
110101190001011543
110101190001011551
110101190001011578
110101190001011586
110101190001011594
110101190001011607
110101190001011615
110101190001011623
110101190001011631
110101190001011658
110101190001011666
110101190001011674
110101190001011682
110101190001011690
110101190001011703
110101190001011711
110101190001011738
110101190001011746
110101190001011754
110101190001011762
110101190001011770
110101190001011789
110101190001011797
110101190001011818
110101190001011826
110101190001011834
110101190001011842
110101190001011850
110101190001011869
110101190001011877
110101190001011885
110101190001011893
110101190001011906
110101190001011914
110101190001011922
110101190001011930
110101190001011949
110101190001011957
110101190001011965
110101190001011973
110101190001011981
110101190001012001
110101190001012028
110101190001012036
110101190001012044
110101190001012052
110101190001012060
110101190001012079
110101190001012087
110101190001012095
110101190001012108
110101190001012116
110101190001012124
110101190001012132
110101190001012140
110101190001012159
110101190001012167
110101190001012175
110101190001012183
110101190001012191
110101190001012204
110101190001012212
110101190001012220
110101190001012239
110101190001012247
110101190001012255
110101190001012263
110101190001012271
110101190001012298
110101190001012300
110101190001012319
110101190001012327
110101190001012335
110101190001012343
110101190001012351
110101190001012378
110101190001012386
110101190001012394
110101190001012407
110101190001012415
110101190001012423
110101190001012431
110101190001012458
110101190001012466
110101190001012474
110101190001012482
110101190001012490
110101190001012503
110101190001012511
110101190001012538
110101190001012546
110101190001012554
110101190001012562
110101190001012570
110101190001012589
110101190001012597
110101190001012618
110101190001012626
110101190001012634
110101190001012642
110101190001012650
110101190001012669
110101190001012677
110101190001012685
110101190001012693
110101190001012706
110101190001012714
110101190001012722
110101190001012730
110101190001012749
110101190001012757
110101190001012765
110101190001012773
110101190001012781
110101190001012802
110101190001012810
110101190001012829
110101190001012837
110101190001012845
110101190001012853
110101190001012861
110101190001012888
110101190001012896
110101190001012909
110101190001012917
110101190001012925
110101190001012933
110101190001012941
110101190001012968
110101190001012976
110101190001012984
110101190001012992
110101190001013004
110101190001013012
110101190001013020
110101190001013039
110101190001013047
110101190001013055
110101190001013063
110101190001013071
110101190001013098
110101190001013100
110101190001013119
110101190001013127
110101190001013135
110101190001013143
110101190001013151
110101190001013178
110101190001013186
110101190001013194
110101190001013207
110101190001013215
110101190001013223
110101190001013231
110101190001013258
110101190001013266
110101190001013274
110101190001013282
110101190001013290
110101190001013303
110101190001013311
110101190001013338
110101190001013346
110101190001013354
110101190001013362
110101190001013370
110101190001013389
110101190001013397
110101190001013418
110101190001013426
110101190001013434
110101190001013442
110101190001013450
110101190001013469
110101190001013477
110101190001013485
110101190001013493
110101190001013506
110101190001013514
110101190001013522
110101190001013530
110101190001013549
110101190001013557
110101190001013565
110101190001013573
110101190001013581
110101190001013602
110101190001013610
110101190001013629
110101190001013637
110101190001013645
110101190001013653
110101190001013661
110101190001013688
110101190001013696
110101190001013709
110101190001013717
110101190001013725
110101190001013733
110101190001013741
110101190001013768
110101190001013776
110101190001013784
110101190001013792
110101190001013805
110101190001013813
110101190001013821
110101190001013848
110101190001013856
110101190001013864
110101190001013872
110101190001013880
110101190001013899
110101190001013901
110101190001013928
110101190001013936
110101190001013944
110101190001013952
110101190001013960
110101190001013979
110101190001013987
110101190001013995
110101190001014007
110101190001014015
110101190001014023
110101190001014031
110101190001014058
110101190001014066
110101190001014074
110101190001014082
110101190001014090
110101190001014103
110101190001014111
110101190001014138
110101190001014146
110101190001014154
110101190001014162
110101190001014170
110101190001014189
110101190001014197
110101190001014218
110101190001014226
110101190001014234
110101190001014242
110101190001014250
110101190001014269
110101190001014277
110101190001014285
110101190001014293
110101190001014306
110101190001014314
110101190001014322
110101190001014330
110101190001014349
110101190001014357
110101190001014365
110101190001014373
110101190001014381
110101190001014402
110101190001014410
110101190001014429
110101190001014437
110101190001014445
110101190001014453
110101190001014461
110101190001014488
110101190001014496
110101190001014509
110101190001014517
110101190001014525
110101190001014533
110101190001014541
110101190001014568
110101190001014576
110101190001014584
110101190001014592
110101190001014605
110101190001014613
110101190001014621
110101190001014648
110101190001014656
110101190001014664
110101190001014672
110101190001014680
110101190001014699
110101190001014701
110101190001014728
110101190001014736
110101190001014744
110101190001014752
110101190001014760
110101190001014779
110101190001014787
110101190001014795
110101190001014808
110101190001014816
110101190001014824
110101190001014832
110101190001014840
110101190001014859
110101190001014867
110101190001014875
110101190001014883
110101190001014891
110101190001014904
110101190001014912
110101190001014920
110101190001014939
110101190001014947
110101190001014955
110101190001014963
110101190001014971
110101190001014998
110101190001015018
110101190001015026
110101190001015034
110101190001015042
110101190001015050
110101190001015069
110101190001015077
110101190001015085
110101190001015093
110101190001015106
110101190001015114
110101190001015122
110101190001015130
110101190001015149
110101190001015157
110101190001015165
110101190001015173
110101190001015181
110101190001015202
110101190001015210
110101190001015229
110101190001015237
110101190001015245
110101190001015253
110101190001015261
110101190001015288
110101190001015296
110101190001015309
110101190001015317
110101190001015325
110101190001015333
110101190001015341
110101190001015368
110101190001015376
110101190001015384
110101190001015392
110101190001015405
110101190001015413
110101190001015421
110101190001015448
110101190001015456
110101190001015464
110101190001015472
110101190001015480
110101190001015499
110101190001015501
110101190001015528
110101190001015536
110101190001015544
110101190001015552
110101190001015560
110101190001015579
110101190001015587
110101190001015595
110101190001015608
110101190001015616
110101190001015624
110101190001015632
110101190001015640
110101190001015659
110101190001015667
110101190001015675
110101190001015683
110101190001015691
110101190001015704
110101190001015712
110101190001015720
110101190001015739
110101190001015747
110101190001015755
110101190001015763
110101190001015771
110101190001015798
110101190001015800
110101190001015819
110101190001015827
110101190001015835
110101190001015843
110101190001015851
110101190001015878
110101190001015886
110101190001015894
110101190001015907
110101190001015915
110101190001015923
110101190001015931
110101190001015958
110101190001015966
110101190001015974
110101190001015982
110101190001015990
110101190001016002
110101190001016010
110101190001016029
110101190001016037
110101190001016045
110101190001016053
110101190001016061
110101190001016088
110101190001016096
110101190001016109
110101190001016117
110101190001016125
110101190001016133
110101190001016141
110101190001016168
110101190001016176
110101190001016184
110101190001016192
110101190001016205
110101190001016213
110101190001016221
110101190001016248
110101190001016256
110101190001016264
110101190001016272
110101190001016280
110101190001016299
110101190001016301
110101190001016328
110101190001016336
110101190001016344
110101190001016352
110101190001016360
110101190001016379
110101190001016387
110101190001016395
110101190001016408
110101190001016416
110101190001016424
110101190001016432
110101190001016440
110101190001016459
110101190001016467
110101190001016475
110101190001016483
110101190001016491
110101190001016504
110101190001016512
110101190001016520
110101190001016539
110101190001016547
110101190001016555
110101190001016563
110101190001016571
110101190001016598
110101190001016600
110101190001016619
110101190001016627
110101190001016635
110101190001016643
110101190001016651
110101190001016678
110101190001016686
110101190001016694
110101190001016707
110101190001016715
110101190001016723
110101190001016731
110101190001016758
110101190001016766
110101190001016774
110101190001016782
110101190001016790
110101190001016803
110101190001016811
110101190001016838
110101190001016846
110101190001016854
110101190001016862
110101190001016870
110101190001016889
110101190001016897
110101190001016918
110101190001016926
110101190001016934
110101190001016942
110101190001016950
110101190001016969
110101190001016977
110101190001016985
110101190001016993
110101190001017005
110101190001017013
110101190001017021
110101190001017048
110101190001017056
110101190001017064
110101190001017072
110101190001017080
110101190001017099
110101190001017101
110101190001017128
110101190001017136
110101190001017144
110101190001017152
110101190001017160
110101190001017179
110101190001017187
110101190001017195
110101190001017208
110101190001017216
110101190001017224
110101190001017232
110101190001017240
110101190001017259
110101190001017267
110101190001017275
110101190001017283
110101190001017291
110101190001017304
110101190001017312
110101190001017320
110101190001017339
110101190001017347
110101190001017355
110101190001017363
110101190001017371
110101190001017398
110101190001017400
110101190001017419
110101190001017427
110101190001017435
110101190001017443
110101190001017451
110101190001017478
110101190001017486
110101190001017494
110101190001017507
110101190001017515
110101190001017523
110101190001017531
110101190001017558
110101190001017566
110101190001017574
110101190001017582
110101190001017590
110101190001017603
110101190001017611
110101190001017638
110101190001017646
110101190001017654
110101190001017662
110101190001017670
110101190001017689
110101190001017697
110101190001017718
110101190001017726
110101190001017734
110101190001017742
110101190001017750
110101190001017769
110101190001017777
110101190001017785
110101190001017793
110101190001017806
110101190001017814
110101190001017822
110101190001017830
110101190001017849
110101190001017857
110101190001017865
110101190001017873
110101190001017881
110101190001017902
110101190001017910
110101190001017929
110101190001017937
110101190001017945
110101190001017953
110101190001017961
110101190001017988
110101190001017996
110101190001018008
110101190001018016
110101190001018024
110101190001018032
110101190001018040
110101190001018059
110101190001018067
110101190001018075
110101190001018083
110101190001018091
110101190001018104
110101190001018112
110101190001018120
110101190001018139
110101190001018147
110101190001018155
110101190001018163
110101190001018171
110101190001018198
110101190001018200
110101190001018219
110101190001018227
110101190001018235
110101190001018243
110101190001018251
110101190001018278
110101190001018286
110101190001018294
110101190001018307
110101190001018315
110101190001018323
110101190001018331
110101190001018358
110101190001018366
110101190001018374
110101190001018382
110101190001018390
110101190001018403
110101190001018411
110101190001018438
110101190001018446
110101190001018454
110101190001018462
110101190001018470
110101190001018489
110101190001018497
110101190001018518
110101190001018526
110101190001018534
110101190001018542
110101190001018550
110101190001018569
110101190001018577
110101190001018585
110101190001018593
110101190001018606
110101190001018614
110101190001018622
110101190001018630
110101190001018649
110101190001018657
110101190001018665
110101190001018673
110101190001018681
110101190001018702
110101190001018710
110101190001018729
110101190001018737
110101190001018745
110101190001018753
110101190001018761
110101190001018788
110101190001018796
110101190001018809
110101190001018817
110101190001018825
110101190001018833
110101190001018841
110101190001018868
110101190001018876
110101190001018884
110101190001018892
110101190001018905
110101190001018913
110101190001018921
110101190001018948
110101190001018956
110101190001018964
110101190001018972
110101190001018980
110101190001018999
110101190001019000
110101190001019019
110101190001019027
110101190001019035
110101190001019043
110101190001019051
110101190001019078
110101190001019086
110101190001019094
110101190001019107
110101190001019115
110101190001019123
110101190001019131
110101190001019158
110101190001019166
110101190001019174
110101190001019182
110101190001019190
110101190001019203
110101190001019211
110101190001019238
110101190001019246
110101190001019254
110101190001019262
110101190001019270
110101190001019289
110101190001019297
110101190001019318
110101190001019326
110101190001019334
110101190001019342
110101190001019350
110101190001019369
110101190001019377
110101190001019385
110101190001019393
110101190001019406
110101190001019414
110101190001019422
110101190001019430
110101190001019449
110101190001019457
110101190001019465
110101190001019473
110101190001019481
110101190001019502
110101190001019510
110101190001019529
110101190001019537
110101190001019545
110101190001019553
110101190001019561
110101190001019588
110101190001019596
110101190001019609
110101190001019617
110101190001019625
110101190001019633
110101190001019641
110101190001019668
110101190001019676
110101190001019684
110101190001019692
110101190001019705
110101190001019713
110101190001019721
110101190001019748
110101190001019756
110101190001019764
110101190001019772
110101190001019780
110101190001019799
110101190001019801
110101190001019828
110101190001019836
110101190001019844
110101190001019852
110101190001019860
110101190001019879
110101190001019887
110101190001019895
110101190001019908
110101190001019916
110101190001019924
110101190001019932
110101190001019940
110101190001019959
110101190001019967
110101190001019975
110101190001019983
110101190001019991
